#Layer_Color=9474304
#
#Feature symbol names
#
$0 r5

#
#Feature attribute names
#

#
#Layer features
#
L 0.0658425 0.806063 0.1338425 0.806063 0 P 0
L 0.0658425 1.006063 0.1338425 1.006063 0 P 0
L 0.0658425 1.331063 0.1338425 1.331063 0 P 0
L 0.0658425 1.531063 0.1338425 1.531063 0 P 0
L 0.0658425 1.856063 0.1338425 1.856063 0 P 0
L 0.0658425 2.056063 0.1338425 2.056063 0 P 0
L 0.0658425 2.381063 0.1338425 2.381063 0 P 0
L 0.0658425 2.581063 0.1338425 2.581063 0 P 0
L 0.0865159 2.830047 0.2125001 2.830047 0 P 0
L 0.0865159 3.853669 0.2125001 3.853669 0 P 0
L 0.0998425 0.772063 0.0998425 0.840063 0 P 0
L 0.0998425 0.972063 0.0998425 1.040063 0 P 0
L 0.0998425 1.297063 0.0998425 1.365063 0 P 0
L 0.0998425 1.497063 0.0998425 1.565063 0 P 0
L 0.0998425 1.822063 0.0998425 1.890063 0 P 0
L 0.0998425 2.022063 0.0998425 2.090063 0 P 0
L 0.0998425 2.347063 0.0998425 2.415063 0 P 0
L 0.0998425 2.547063 0.0998425 2.615063 0 P 0
L 0.149508 2.7670549 0.149508 2.8930391 0 P 0
L 0.149508 3.7906769 0.149508 3.9166611 0 P 0
L 0.1698425 0.906063 0.2298425 0.906063 0 P 0
L 0.1698425 1.431063 0.2298425 1.431063 0 P 0
L 0.1698425 1.956063 0.2298425 1.956063 0 P 0
L 0.1698425 2.481063 0.2298425 2.481063 0 P 0
L 0.1998425 0.876063 0.1998425 0.936063 0 P 0
L 0.1998425 1.401063 0.1998425 1.461063 0 P 0
L 0.1998425 1.926063 0.1998425 1.986063 0 P 0
L 0.1998425 2.451063 0.1998425 2.511063 0 P 0
L 0.2228346 4.152063 0.3480314 4.152063 0 P 0
L 0.2228347 0.3681102 0.3480315 0.3681102 0 P 0
L 0.2658425 0.806063 0.3338425 0.806063 0 P 0
L 0.2658425 1.006063 0.3338425 1.006063 0 P 0
L 0.2658425 1.331063 0.3338425 1.331063 0 P 0
L 0.2658425 1.531063 0.3338425 1.531063 0 P 0
L 0.2658425 1.856063 0.3338425 1.856063 0 P 0
L 0.2658425 2.056063 0.3338425 2.056063 0 P 0
L 0.2658425 2.381063 0.3338425 2.381063 0 P 0
L 0.2658425 2.581063 0.3338425 2.581063 0 P 0
L 0.285433 4.0894646 0.285433 4.2146614 0 P 0
L 0.2854331 0.3055118 0.2854331 0.4307086 0 P 0
L 0.2998425 0.772063 0.2998425 0.840063 0 P 0
L 0.2998425 0.972063 0.2998425 1.040063 0 P 0
L 0.2998425 1.297063 0.2998425 1.365063 0 P 0
L 0.2998425 1.497063 0.2998425 1.565063 0 P 0
L 0.2998425 1.822063 0.2998425 1.890063 0 P 0
L 0.2998425 2.022063 0.2998425 2.090063 0 P 0
L 0.2998425 2.347063 0.2998425 2.415063 0 P 0
L 0.2998425 2.547063 0.2998425 2.615063 0 P 0
L 0.6498425 1.551063 0.6578425 1.551063 0 P 0
L 0.6499669 2.5938902 0.6579669 2.5938902 0 P 0
L 0.6508425 0.790063 0.6588425 0.790063 0 P 0
L 0.6508425 1.314063 0.6588425 1.314063 0 P 0
L 0.6508425 1.839063 0.6588425 1.839063 0 P 0
L 0.6508425 2.073063 0.6588425 2.073063 0 P 0
L 0.6508425 2.365063 0.6588425 2.365063 0 P 0
L 0.6518425 1.028063 0.6598425 1.028063 0 P 0
L 0.6538425 1.547063 0.6538425 1.555063 0 P 0
L 0.6539669 2.5898902 0.6539669 2.5978902 0 P 0
L 0.6548425 0.786063 0.6548425 0.794063 0 P 0
L 0.6548425 1.310063 0.6548425 1.318063 0 P 0
L 0.6548425 1.835063 0.6548425 1.843063 0 P 0
L 0.6548425 2.069063 0.6548425 2.077063 0 P 0
L 0.6548425 2.361063 0.6548425 2.369063 0 P 0
L 0.6558425 1.024063 0.6558425 1.032063 0 P 0
L 0.9330078 2.3179133 0.9410078 2.3179133 0 P 0
L 0.9370078 2.3139133 0.9370078 2.3219133 0 P 0
L 0.9861575 0.6870079 0.9941575 0.6870079 0 P 0
L 0.9901575 0.6830079 0.9901575 0.6910079 0 P 0
L 0.9928357 2.256036 1.0008357 2.256036 0 P 0
L 0.9968357 2.252036 0.9968357 2.260036 0 P 0
L 0.999937 1.1771654 1.007937 1.1771654 0 P 0
L 1.0008425 0.906063 1.0088425 0.906063 0 P 0
L 1.003937 1.1731654 1.003937 1.1811654 0 P 0
L 1.0048425 0.902063 1.0048425 0.910063 0 P 0
L 1.0048425 1.430063 1.0128425 1.430063 0 P 0
L 1.0058425 1.956063 1.0138425 1.956063 0 P 0
L 1.0088425 1.426063 1.0088425 1.434063 0 P 0
L 1.0098425 1.952063 1.0098425 1.960063 0 P 0
L 1.011748 1.7057087 1.019748 1.7057087 0 P 0
L 1.015748 1.7017087 1.015748 1.7097087 0 P 0
L 1.0168425 2.481063 1.0248425 2.481063 0 P 0
L 1.0208425 2.477063 1.0208425 2.485063 0 P 0
L 1.2388425 1.472063 1.2468425 1.472063 0 P 0
L 1.2428425 1.468063 1.2428425 1.476063 0 P 0
L 1.2448425 2.000063 1.2528425 2.000063 0 P 0
L 1.2488425 1.996063 1.2488425 2.004063 0 P 0
L 1.2528425 0.942063 1.2608425 0.942063 0 P 0
L 1.2568425 0.938063 1.2568425 0.946063 0 P 0
L 1.2578425 2.482063 1.2658425 2.482063 0 P 0
L 1.2618425 2.478063 1.2618425 2.486063 0 P 0
L 1.2908425 4.256063 1.2988425 4.256063 0 P 0
L 1.2948425 4.252063 1.2948425 4.260063 0 P 0
L 1.3414724 4.1751969 1.3494724 4.1751969 0 P 0
L 1.3454724 4.1711969 1.3454724 4.1791969 0 P 0
L 1.3897008 1.8169291 1.3977008 1.8169291 0 P 0
L 1.3937008 1.8129291 1.3937008 1.8209291 0 P 0
L 1.4044645 3.980315 1.4124645 3.980315 0 P 0
L 1.4084645 3.976315 1.4084645 3.984315 0 P 0
L 1.4368425 3.557063 1.4448425 3.557063 0 P 0
L 1.4408425 3.553063 1.4408425 3.561063 0 P 0
L 1.4426771 4.053937 1.4726771 4.053937 0 P 0
L 1.4426771 4.153937 1.4726771 4.153937 0 P 0
L 1.4426771 4.253937 1.4726771 4.253937 0 P 0
L 1.4558425 3.147063 1.4638425 3.147063 0 P 0
L 1.4576771 4.038937 1.4576771 4.068937 0 P 0
L 1.4576771 4.138937 1.4576771 4.168937 0 P 0
L 1.4576771 4.238937 1.4576771 4.268937 0 P 0
L 1.4598425 3.143063 1.4598425 3.151063 0 P 0
L 1.5458425 3.621063 1.5538425 3.621063 0 P 0
L 1.5498425 3.617063 1.5498425 3.625063 0 P 0
L 1.5538425 4.229063 1.5618425 4.229063 0 P 0
L 1.5578425 4.225063 1.5578425 4.233063 0 P 0
L 1.5639134 1.2854331 1.5719134 1.2854331 0 P 0
L 1.5642025 2.067703 1.5722025 2.067703 0 P 0
L 1.5658819 4.1712599 1.5738819 4.1712599 0 P 0
L 1.5679134 1.2814331 1.5679134 1.2894331 0 P 0
L 1.5682025 2.063703 1.5682025 2.071703 0 P 0
L 1.5698819 4.1672599 1.5698819 4.1752599 0 P 0
L 1.5708425 3.596063 1.5788425 3.596063 0 P 0
L 1.5748425 3.592063 1.5748425 3.600063 0 P 0
L 1.5924999 2.4853728 1.7106099 2.4853728 0 P 0
L 1.5934999 0.9153728 1.7116099 0.9153728 0 P 0
L 1.6158425 2.121063 1.6238425 2.121063 0 P 0
L 1.6198425 2.117063 1.6198425 2.125063 0 P 0
L 1.6515549 2.4263178 1.6515549 2.5444278 0 P 0
L 1.6525549 0.8563178 1.6525549 0.9744278 0 P 0
L 1.6668425 1.595063 1.6748425 1.595063 0 P 0
L 1.6668425 1.6857087 1.6748425 1.6857087 0 P 0
L 1.6678425 1.399063 1.6758425 1.399063 0 P 0
L 1.6678425 1.497063 1.6758425 1.497063 0 P 0
L 1.6678425 1.792063 1.6758425 1.792063 0 P 0
L 1.6708425 1.591063 1.6708425 1.599063 0 P 0
L 1.6708425 1.6817087 1.6708425 1.6897087 0 P 0
L 1.6708425 1.989063 1.6788425 1.989063 0 P 0
L 1.6718425 1.395063 1.6718425 1.403063 0 P 0
L 1.6718425 1.493063 1.6718425 1.501063 0 P 0
L 1.6718425 1.788063 1.6718425 1.796063 0 P 0
L 1.6718425 1.891063 1.6798425 1.891063 0 P 0
L 1.6748425 1.985063 1.6748425 1.993063 0 P 0
L 1.6758425 1.887063 1.6758425 1.895063 0 P 0
L 1.6856149 1.3089128 1.7072749 1.3089128 0 P 0
L 1.6856149 2.0963128 1.7072749 2.0963128 0 P 0
L 1.6878425 4.079063 1.6958425 4.079063 0 P 0
L 1.6918425 4.075063 1.6918425 4.083063 0 P 0
L 1.6964449 1.2980828 1.6964449 1.3197428 0 P 0
L 1.6964449 2.0854828 1.6964449 2.1071428 0 P 0
L 1.7108425 1.595063 1.7188425 1.595063 0 P 0
L 1.7128425 1.399063 1.7208425 1.399063 0 P 0
L 1.7148425 1.497063 1.7228425 1.497063 0 P 0
L 1.7148425 1.591063 1.7148425 1.599063 0 P 0
L 1.7148425 1.792063 1.7228425 1.792063 0 P 0
L 1.7158425 1.536063 1.7238425 1.536063 0 P 0
L 1.7168425 1.395063 1.7168425 1.403063 0 P 0
L 1.7178425 1.6857087 1.7258425 1.6857087 0 P 0
L 1.7178425 1.890063 1.7258425 1.890063 0 P 0
L 1.7178425 1.989063 1.7258425 1.989063 0 P 0
L 1.7188425 1.493063 1.7188425 1.501063 0 P 0
L 1.7188425 1.788063 1.7188425 1.796063 0 P 0
L 1.7198425 1.532063 1.7198425 1.540063 0 P 0
L 1.7218425 1.6817087 1.7218425 1.6897087 0 P 0
L 1.7218425 1.886063 1.7218425 1.894063 0 P 0
L 1.7218425 1.985063 1.7218425 1.993063 0 P 0
L 1.7228425 4.329374 1.7308425 4.329374 0 P 0
L 1.7268425 4.325374 1.7268425 4.333374 0 P 0
L 1.7458425 4.110063 1.7538425 4.110063 0 P 0
L 1.7498425 4.106063 1.7498425 4.114063 0 P 0
L 1.7508425 2.126063 1.7588425 2.126063 0 P 0
L 1.7508425 3.661063 1.7588425 3.661063 0 P 0
L 1.7548425 2.122063 1.7548425 2.130063 0 P 0
L 1.7548425 3.657063 1.7548425 3.665063 0 P 0
L 1.7758425 4.156063 1.7838425 4.156063 0 P 0
L 1.7798425 4.152063 1.7798425 4.160063 0 P 0
L 1.7848425 4.329374 1.7928425 4.329374 0 P 0
L 1.7888425 4.325374 1.7888425 4.333374 0 P 0
L 1.7938425 0.355063 1.8018425 0.355063 0 P 0
L 1.7942283 1.3041339 1.8022283 1.3041339 0 P 0
L 1.7978425 0.351063 1.7978425 0.359063 0 P 0
L 1.7982283 1.3001339 1.7982283 1.3081339 0 P 0
L 1.8187825 1.674003 1.8267825 1.674003 0 P 0
L 1.8227825 1.670003 1.8227825 1.678003 0 P 0
L 1.8286771 0.2559055 1.8366771 0.2559055 0 P 0
L 1.8286771 0.2874016 1.8366771 0.2874016 0 P 0
L 1.8326771 0.2519055 1.8326771 0.2599055 0 P 0
L 1.8326771 0.2834016 1.8326771 0.2914016 0 P 0
L 1.8458425 3.701063 1.8538425 3.701063 0 P 0
L 1.8483622 0.2559055 1.8563622 0.2559055 0 P 0
L 1.8483622 0.2874016 1.8563622 0.2874016 0 P 0
L 1.8498425 3.697063 1.8498425 3.705063 0 P 0
L 1.8523622 0.2519055 1.8523622 0.2599055 0 P 0
L 1.8523622 0.2834016 1.8523622 0.2914016 0 P 0
L 1.8680472 0.2559055 1.8760472 0.2559055 0 P 0
L 1.8680472 0.2874016 1.8760472 0.2874016 0 P 0
L 1.8720472 0.2519055 1.8720472 0.2599055 0 P 0
L 1.8720472 0.2834016 1.8720472 0.2914016 0 P 0
L 1.8759377 1.811803 1.8839377 1.811803 0 P 0
L 1.8799377 1.807803 1.8799377 1.815803 0 P 0
L 1.8808425 2.071063 1.8888425 2.071063 0 P 0
L 1.8808425 3.601063 1.8888425 3.601063 0 P 0
L 1.8848425 2.067063 1.8848425 2.075063 0 P 0
L 1.8848425 3.597063 1.8848425 3.605063 0 P 0
L 1.8898425 1.6857087 1.8978425 1.6857087 0 P 0
L 1.8933025 1.516523 1.9013025 1.516523 0 P 0
L 1.8938425 1.6817087 1.8938425 1.6897087 0 P 0
L 1.8973025 1.512523 1.8973025 1.520523 0 P 0
L 1.8998425 4.018063 1.9078425 4.018063 0 P 0
L 1.9038425 4.014063 1.9038425 4.022063 0 P 0
L 1.9121425 0.244763 1.9201425 0.244763 0 P 0
L 1.9161425 0.240763 1.9161425 0.248763 0 P 0
L 2.0008425 1.336063 2.0088425 1.336063 0 P 0
L 2.0008425 3.816063 2.0088425 3.816063 0 P 0
L 2.0048425 1.332063 2.0048425 1.340063 0 P 0
L 2.0048425 3.812063 2.0048425 3.820063 0 P 0
L 2.0248425 1.361663 2.0328425 1.361663 0 P 0
L 2.0258425 3.836063 2.0338425 3.836063 0 P 0
L 2.0283071 4.057874 2.0583071 4.057874 0 P 0
L 2.0283071 4.157874 2.0583071 4.157874 0 P 0
L 2.0283071 4.257874 2.0583071 4.257874 0 P 0
L 2.0288425 1.357663 2.0288425 1.365663 0 P 0
L 2.0298425 3.832063 2.0298425 3.840063 0 P 0
L 2.0308425 0.246063 2.0388425 0.246063 0 P 0
L 2.0348425 0.242063 2.0348425 0.250063 0 P 0
L 2.0433071 4.042874 2.0433071 4.072874 0 P 0
L 2.0433071 4.142874 2.0433071 4.172874 0 P 0
L 2.0433071 4.242874 2.0433071 4.272874 0 P 0
L 2.0558425 1.386063 2.0638425 1.386063 0 P 0
L 2.0558425 3.871063 2.0638425 3.871063 0 P 0
L 2.0598425 1.382063 2.0598425 1.390063 0 P 0
L 2.0598425 3.867063 2.0598425 3.875063 0 P 0
L 2.0727716 0.2559055 2.0807716 0.2559055 0 P 0
L 2.0727716 0.2874016 2.0807716 0.2874016 0 P 0
L 2.0767716 0.2519055 2.0767716 0.2599055 0 P 0
L 2.0767716 0.2834016 2.0767716 0.2914016 0 P 0
L 2.0798425 1.411663 2.0878425 1.411663 0 P 0
L 2.0808425 3.896063 2.0888425 3.896063 0 P 0
L 2.0838425 1.407663 2.0838425 1.415663 0 P 0
L 2.0848425 3.892063 2.0848425 3.900063 0 P 0
L 2.1082047 0.2559055 2.1162047 0.2559055 0 P 0
L 2.1082047 0.2874016 2.1162047 0.2874016 0 P 0
L 2.1122047 0.2519055 2.1122047 0.2599055 0 P 0
L 2.1122047 0.2834016 2.1122047 0.2914016 0 P 0
L 2.1358425 3.611063 2.1438425 3.611063 0 P 0
L 2.1398425 3.607063 2.1398425 3.615063 0 P 0
L 2.1420663 4.1037909 2.1500663 4.1037909 0 P 0
L 2.1428425 2.753063 2.1508425 2.753063 0 P 0
L 2.1460663 4.0997909 2.1460663 4.1077909 0 P 0
L 2.1468425 2.749063 2.1468425 2.757063 0 P 0
L 2.1475748 0.2559055 2.1555748 0.2559055 0 P 0
L 2.1475748 0.2874016 2.1555748 0.2874016 0 P 0
L 2.1515748 0.2519055 2.1515748 0.2599055 0 P 0
L 2.1515748 0.2834016 2.1515748 0.2914016 0 P 0
L 2.1919149 2.4376128 2.2135749 2.4376128 0 P 0
L 2.1919249 0.9576728 2.2135849 0.9576728 0 P 0
L 2.2018425 3.200063 2.2098425 3.200063 0 P 0
L 2.2027449 2.4267828 2.2027449 2.4484428 0 P 0
L 2.2027549 0.9468428 2.2027549 0.9685028 0 P 0
L 2.2028425 1.298063 2.2108425 1.298063 0 P 0
L 2.2058425 3.196063 2.2058425 3.204063 0 P 0
L 2.2068425 1.294063 2.2068425 1.302063 0 P 0
L 2.2483425 2.613563 2.2563425 2.613563 0 P 0
L 2.249937 4.0866142 2.257937 4.0866142 0 P 0
L 2.2508425 3.536063 2.2588425 3.536063 0 P 0
L 2.2523425 2.609563 2.2523425 2.617563 0 P 0
L 2.253937 4.0826142 2.253937 4.0906142 0 P 0
L 2.2548425 3.532063 2.2548425 3.540063 0 P 0
L 2.2548425 3.741063 2.2628425 3.741063 0 P 0
L 2.2558425 3.261063 2.2638425 3.261063 0 P 0
L 2.2588425 3.737063 2.2588425 3.745063 0 P 0
L 2.2598425 3.257063 2.2598425 3.265063 0 P 0
L 2.2680325 2.463873 2.2760325 2.463873 0 P 0
L 2.2708425 1.506063 2.2788425 1.506063 0 P 0
L 2.2720325 2.459873 2.2720325 2.467873 0 P 0
L 2.2748425 1.502063 2.2748425 1.510063 0 P 0
L 2.2758424 2.6141732 2.2838424 2.6141732 0 P 0
L 2.2798424 2.6101732 2.2798424 2.6181732 0 P 0
L 2.2868425 4.217063 2.2948425 4.217063 0 P 0
L 2.2908425 4.213063 2.2908425 4.221063 0 P 0
L 2.2958425 1.916063 2.3038425 1.916063 0 P 0
L 2.2998425 1.912063 2.2998425 1.920063 0 P 0
L 2.3058425 0.246063 2.3138425 0.246063 0 P 0
L 2.3070249 1.1062982 2.3150249 1.1062982 0 P 0
L 2.3098425 0.242063 2.3098425 0.250063 0 P 0
L 2.3109606 0.9330709 2.3189606 0.9330709 0 P 0
L 2.3110249 1.1022982 2.3110249 1.1102982 0 P 0
L 2.3149606 0.9290709 2.3149606 0.9370709 0 P 0
L 2.3175354 3.361063 2.3255354 3.361063 0 P 0
L 2.3188346 2.4291339 2.3268346 2.4291339 0 P 0
L 2.3215354 3.357063 2.3215354 3.365063 0 P 0
L 2.3228346 2.4251339 2.3228346 2.4331339 0 P 0
L 2.3268425 2.215063 2.3348425 2.215063 0 P 0
L 2.3308425 2.211063 2.3308425 2.219063 0 P 0
L 2.3463937 0.4055118 2.3543937 0.4055118 0 P 0
L 2.3493464 4.0177165 2.3573464 4.0177165 0 P 0
L 2.3503937 0.4015118 2.3503937 0.4095118 0 P 0
L 2.3533464 4.0137165 2.3533464 4.0217165 0 P 0
L 2.3808425 1.941063 2.3888425 1.941063 0 P 0
L 2.3818268 2.6137806 2.3898268 2.6137806 0 P 0
L 2.3848425 1.937063 2.3848425 1.945063 0 P 0
L 2.3857638 0.4055118 2.3937638 0.4055118 0 P 0
L 2.3858268 2.6097806 2.3858268 2.6177806 0 P 0
L 2.3858425 3.481063 2.3938425 3.481063 0 P 0
L 2.3897638 0.4015118 2.3897638 0.4095118 0 P 0
L 2.3898425 3.477063 2.3898425 3.485063 0 P 0
L 2.390685 2.7204724 2.398685 2.7204724 0 P 0
L 2.394685 2.7164724 2.394685 2.7244724 0 P 0
L 2.4054488 1.1062992 2.4134488 1.1062992 0 P 0
L 2.4058425 1.967063 2.4138425 1.967063 0 P 0
L 2.4058425 2.283063 2.4138425 2.283063 0 P 0
L 2.4058425 2.314063 2.4138425 2.314063 0 P 0
L 2.4073819 3.0822126 2.4373031 3.0822126 0 P 0
L 2.4073819 3.2396929 2.4373031 3.2396929 0 P 0
L 2.4073819 3.4438977 2.4373031 3.4438977 0 P 0
L 2.4073819 3.601378 2.4373031 3.601378 0 P 0
L 2.4093858 0.2795276 2.4173858 0.2795276 0 P 0
L 2.4093858 0.9330709 2.4173858 0.9330709 0 P 0
L 2.4094488 1.1022992 2.4094488 1.1102992 0 P 0
L 2.4098425 1.963063 2.4098425 1.971063 0 P 0
L 2.4098425 2.279063 2.4098425 2.287063 0 P 0
L 2.4098425 2.310063 2.4098425 2.318063 0 P 0
L 2.4098425 3.295063 2.4178425 3.295063 0 P 0
L 2.4100551 3.1998504 2.4180551 3.1998504 0 P 0
L 2.4133858 0.2755276 2.4133858 0.2835276 0 P 0
L 2.4133858 0.9290709 2.4133858 0.9370709 0 P 0
L 2.4138425 3.291063 2.4138425 3.299063 0 P 0
L 2.4140551 3.1958504 2.4140551 3.2038504 0 P 0
L 2.4147174 3.1185066 2.4227174 3.1185066 0 P 0
L 2.4152759 2.7886295 2.4232759 2.7886295 0 P 0
L 2.4172598 2.4291339 2.4252598 2.4291339 0 P 0
L 2.4187174 3.1145066 2.4187174 3.1225066 0 P 0
L 2.4192759 2.7846295 2.4192759 2.7926295 0 P 0
L 2.4212598 2.4251339 2.4212598 2.4331339 0 P 0
L 2.4223425 3.067252 2.4223425 3.0971732 0 P 0
L 2.4223425 3.2247323 2.4223425 3.2546535 0 P 0
L 2.4223425 3.4289371 2.4223425 3.4588583 0 P 0
L 2.4223425 3.5864174 2.4223425 3.6163386 0 P 0
L 2.4251925 2.621063 2.4331925 2.621063 0 P 0
L 2.4291925 2.617063 2.4291925 2.625063 0 P 0
L 2.4308425 3.546063 2.4388425 3.546063 0 P 0
L 2.4348425 3.542063 2.4348425 3.550063 0 P 0
L 2.4408819 0.2795276 2.4488819 0.2795276 0 P 0
L 2.4428425 1.437063 2.4508425 1.437063 0 P 0
L 2.4430546 0.2425914 2.4510546 0.2425914 0 P 0
L 2.4448819 0.2755276 2.4448819 0.2835276 0 P 0
L 2.4468425 1.433063 2.4468425 1.441063 0 P 0
L 2.4468425 2.282063 2.4548425 2.282063 0 P 0
L 2.4470546 0.2385914 2.4470546 0.2465914 0 P 0
L 2.4508425 2.278063 2.4508425 2.286063 0 P 0
L 2.458374 3.1722441 2.466374 3.1722441 0 P 0
L 2.462374 3.1682441 2.462374 3.1762441 0 P 0
L 2.4658827 0.4109883 2.4738827 0.4109883 0 P 0
L 2.4684059 2.830047 2.5943901 2.830047 0 P 0
L 2.4684059 3.853669 2.5943901 3.853669 0 P 0
L 2.4698425 2.980063 2.4778425 2.980063 0 P 0
L 2.4698827 0.4069883 2.4698827 0.4149883 0 P 0
L 2.4718425 2.291063 2.4798425 2.291063 0 P 0
L 2.4738425 2.976063 2.4738425 2.984063 0 P 0
L 2.4748425 0.937063 2.4828425 0.937063 0 P 0
L 2.4758425 2.287063 2.4758425 2.295063 0 P 0
L 2.4788425 0.933063 2.4788425 0.941063 0 P 0
L 2.480252 2.4291339 2.488252 2.4291339 0 P 0
L 2.484182 2.5747961 2.492182 2.5747961 0 P 0
L 2.484252 2.4251339 2.484252 2.4331339 0 P 0
L 2.488182 2.5707961 2.488182 2.5787961 0 P 0
L 2.4908425 2.661063 2.4988425 2.661063 0 P 0
L 2.4908425 2.696063 2.4988425 2.696063 0 P 0
L 2.4948425 2.657063 2.4948425 2.665063 0 P 0
L 2.4948425 2.692063 2.4948425 2.700063 0 P 0
L 2.4958425 2.236063 2.5038425 2.236063 0 P 0
L 2.4988425 1.316063 2.5068425 1.316063 0 P 0
L 2.4998425 2.232063 2.4998425 2.240063 0 P 0
L 2.5028425 1.312063 2.5028425 1.320063 0 P 0
L 2.507811 0.4055118 2.515811 0.4055118 0 P 0
L 2.507811 1.1059066 2.515811 1.1059066 0 P 0
L 2.511748 0.9330709 2.519748 0.9330709 0 P 0
L 2.511811 0.4015118 2.511811 0.4095118 0 P 0
L 2.511811 1.1019066 2.511811 1.1099066 0 P 0
L 2.515748 0.9290709 2.515748 0.9370709 0 P 0
L 2.5218425 2.463063 2.5298425 2.463063 0 P 0
L 2.5258425 2.459063 2.5258425 2.467063 0 P 0
L 2.531398 2.7670549 2.531398 2.8930391 0 P 0
L 2.531398 3.7906769 2.531398 3.9166611 0 P 0
L 2.5420625 0.244843 2.5500625 0.244843 0 P 0
L 2.5458425 1.755063 2.5538425 1.755063 0 P 0
L 2.5460625 0.240843 2.5460625 0.248843 0 P 0
L 2.5498425 1.751063 2.5498425 1.759063 0 P 0
L 2.5668425 4.283063 2.5748425 4.283063 0 P 0
L 2.5708425 4.279063 2.5708425 4.287063 0 P 0
L 2.5718425 2.412063 2.5798425 2.412063 0 P 0
L 2.5747402 0.2795276 2.5827402 0.2795276 0 P 0
L 2.5758425 1.790063 2.5838425 1.790063 0 P 0
L 2.5758425 2.281063 2.5838425 2.281063 0 P 0
L 2.5758425 2.408063 2.5758425 2.416063 0 P 0
L 2.5758425 3.486063 2.5838425 3.486063 0 P 0
L 2.5787402 0.2755276 2.5787402 0.2835276 0 P 0
L 2.5798425 1.786063 2.5798425 1.794063 0 P 0
L 2.5798425 2.277063 2.5798425 2.285063 0 P 0
L 2.5798425 3.482063 2.5798425 3.490063 0 P 0
L 2.5865512 2.601063 2.5945512 2.601063 0 P 0
L 2.5868425 3.288063 2.5948425 3.288063 0 P 0
L 2.5878425 3.1862205 2.5958425 3.1862205 0 P 0
L 2.5905512 2.597063 2.5905512 2.605063 0 P 0
L 2.5908425 3.284063 2.5908425 3.292063 0 P 0
L 2.5918425 3.1822205 2.5918425 3.1902205 0 P 0
L 2.5944252 0.7952756 2.6024252 0.7952756 0 P 0
L 2.5958425 2.436063 2.6038425 2.436063 0 P 0
L 2.5984252 0.7912756 2.5984252 0.7992756 0 P 0
L 2.5998425 2.432063 2.5998425 2.440063 0 P 0
L 2.6008425 1.734063 2.6088425 1.734063 0 P 0
L 2.6026825 0.931903 2.6106825 0.931903 0 P 0
L 2.6048425 1.730063 2.6048425 1.738063 0 P 0
L 2.6062362 0.2795276 2.6142362 0.2795276 0 P 0
L 2.6062362 1.1062992 2.6142362 1.1062992 0 P 0
L 2.6066825 0.927903 2.6066825 0.935903 0 P 0
L 2.6102362 0.2755276 2.6102362 0.2835276 0 P 0
L 2.6102362 1.1022992 2.6102362 1.1102992 0 P 0
L 2.6141102 2.2992126 2.6221102 2.2992126 0 P 0
L 2.6180472 0.976378 2.6260472 0.976378 0 P 0
L 2.6181102 2.2952126 2.6181102 2.3032126 0 P 0
L 2.6208425 2.461063 2.6288425 2.461063 0 P 0
L 2.6219843 0.7952756 2.6299843 0.7952756 0 P 0
L 2.6220472 0.972378 2.6220472 0.980378 0 P 0
L 2.6228425 1.770063 2.6308425 1.770063 0 P 0
L 2.6248425 2.457063 2.6248425 2.465063 0 P 0
L 2.6259843 0.7912756 2.6259843 0.7992756 0 P 0
L 2.6268425 1.766063 2.6268425 1.774063 0 P 0
L 2.6295433 2.9212598 2.6375433 2.9212598 0 P 0
L 2.6308425 3.406063 2.6388425 3.406063 0 P 0
L 2.632874 0.2479055 2.640874 0.2479055 0 P 0
L 2.6335433 2.9172598 2.6335433 2.9252598 0 P 0
L 2.6348425 3.402063 2.6348425 3.410063 0 P 0
L 2.636874 0.2439055 2.636874 0.2519055 0 P 0
L 2.6398425 1.616063 2.6478425 1.616063 0 P 0
L 2.6418425 2.2703765 2.6498425 2.2703765 0 P 0
L 2.6438425 1.612063 2.6438425 1.620063 0 P 0
L 2.6456063 0.976378 2.6536063 0.976378 0 P 0
L 2.6458425 2.2663765 2.6458425 2.2743765 0 P 0
L 2.6496063 0.972378 2.6496063 0.980378 0 P 0
L 2.6613543 0.4055118 2.6693543 0.4055118 0 P 0
L 2.6613543 0.7952756 2.6693543 0.7952756 0 P 0
L 2.6613548 1.1062989 2.6693548 1.1062989 0 P 0
L 2.6628425 1.640063 2.6708425 1.640063 0 P 0
L 2.6653543 0.4015118 2.6653543 0.4095118 0 P 0
L 2.6653543 0.7912756 2.6653543 0.7992756 0 P 0
L 2.6653548 1.1022989 2.6653548 1.1102989 0 P 0
L 2.6668425 1.636063 2.6668425 1.644063 0 P 0
L 2.6671102 2.291063 2.6751102 2.291063 0 P 0
L 2.6708425 3.501063 2.6788425 3.501063 0 P 0
L 2.6711102 2.287063 2.6711102 2.295063 0 P 0
L 2.6748425 3.497063 2.6748425 3.505063 0 P 0
L 2.6758425 3.661063 2.6838425 3.661063 0 P 0
L 2.6771024 0.976378 2.6851024 0.976378 0 P 0
L 2.6798425 3.657063 2.6798425 3.665063 0 P 0
L 2.6811024 0.972378 2.6811024 0.980378 0 P 0
L 2.6818425 2.311063 2.6898425 2.311063 0 P 0
L 2.6849764 2.601063 2.6929764 2.601063 0 P 0
L 2.6858425 2.307063 2.6858425 2.315063 0 P 0
L 2.6889134 0.7952756 2.6969134 0.7952756 0 P 0
L 2.6889134 2.7214567 2.6969134 2.7214567 0 P 0
L 2.6889764 2.597063 2.6889764 2.605063 0 P 0
L 2.6908425 1.481063 2.6988425 1.481063 0 P 0
L 2.6929134 0.7912756 2.6929134 0.7992756 0 P 0
L 2.6929134 2.7174567 2.6929134 2.7254567 0 P 0
L 2.6948425 1.477063 2.6948425 1.485063 0 P 0
L 2.6988425 2.289063 2.7068425 2.289063 0 P 0
L 2.7007244 0.4055118 2.7087244 0.4055118 0 P 0
L 2.7028425 2.285063 2.7028425 2.293063 0 P 0
L 2.7046614 0.976378 2.7126614 0.976378 0 P 0
L 2.7047244 0.4015118 2.7047244 0.4095118 0 P 0
L 2.7086614 0.972378 2.7086614 0.980378 0 P 0
L 2.7158425 1.591063 2.7238425 1.591063 0 P 0
L 2.7160393 3.4948031 2.7240393 3.4948031 0 P 0
L 2.7184094 3.7860709 2.7264094 3.7860709 0 P 0
L 2.7198425 1.587063 2.7198425 1.595063 0 P 0
L 2.7200393 3.4908031 2.7200393 3.4988031 0 P 0
L 2.7208425 3.729063 2.7288425 3.729063 0 P 0
L 2.7224094 3.7820709 2.7224094 3.7900709 0 P 0
L 2.7228425 2.293063 2.7308425 2.293063 0 P 0
L 2.7243465 1.1062992 2.7323465 1.1062992 0 P 0
L 2.7248425 3.725063 2.7248425 3.733063 0 P 0
L 2.7268425 2.289063 2.7268425 2.297063 0 P 0
L 2.7282835 0.7952756 2.7362835 0.7952756 0 P 0
L 2.7283465 1.1022992 2.7283465 1.1102992 0 P 0
L 2.7322835 0.7912756 2.7322835 0.7992756 0 P 0
L 2.7361575 0.976378 2.7441575 0.976378 0 P 0
L 2.7401575 0.972378 2.7401575 0.980378 0 P 0
L 2.74482 0.282312 2.75282 0.282312 0 P 0
L 2.74882 0.278312 2.74882 0.286312 0 P 0
L 2.7558425 0.7952756 2.7638425 0.7952756 0 P 0
L 2.7598425 0.7912756 2.7598425 0.7992756 0 P 0
L 2.7637165 0.976378 2.7717165 0.976378 0 P 0
L 2.7677165 0.972378 2.7677165 0.980378 0 P 0
L 2.7708425 3.566063 2.7788425 3.566063 0 P 0
L 2.7748425 3.562063 2.7748425 3.570063 0 P 0
L 2.7755276 0.2795276 2.7835276 0.2795276 0 P 0
L 2.7755276 2.601063 2.7835276 2.601063 0 P 0
L 2.7794646 2.4330709 2.7874646 2.4330709 0 P 0
L 2.7795276 0.2755276 2.7795276 0.2835276 0 P 0
L 2.7795276 2.597063 2.7795276 2.605063 0 P 0
L 2.7834016 1.1062992 2.7914016 1.1062992 0 P 0
L 2.7834646 2.4290709 2.7834646 2.4370709 0 P 0
L 2.7874016 1.1022992 2.7874016 1.1102992 0 P 0
L 2.7952126 0.7952756 2.8032126 0.7952756 0 P 0
L 2.7952126 0.976378 2.8032126 0.976378 0 P 0
L 2.7958425 3.616063 2.8038425 3.616063 0 P 0
L 2.7959951 0.2519685 2.8039951 0.2519685 0 P 0
L 2.7992126 0.7912756 2.7992126 0.7992756 0 P 0
L 2.7992126 0.972378 2.7992126 0.980378 0 P 0
L 2.7998425 2.307063 2.8078425 2.307063 0 P 0
L 2.7998425 3.612063 2.7998425 3.620063 0 P 0
L 2.7999951 0.2479685 2.7999951 0.2559685 0 P 0
L 2.8038425 2.303063 2.8038425 2.311063 0 P 0
L 2.8178425 2.601063 2.8258425 2.601063 0 P 0
L 2.8179832 0.4078519 2.8259832 0.4078519 0 P 0
L 2.8218425 2.597063 2.8218425 2.605063 0 P 0
L 2.8219832 0.4038519 2.8219832 0.4118519 0 P 0
L 2.8227717 0.7952756 2.8307717 0.7952756 0 P 0
L 2.8227717 0.976378 2.8307717 0.976378 0 P 0
L 2.8267717 0.7912756 2.8267717 0.7992756 0 P 0
L 2.8267717 0.972378 2.8267717 0.980378 0 P 0
L 2.8378425 2.263063 2.8458425 2.263063 0 P 0
L 2.8418425 2.259063 2.8418425 2.267063 0 P 0
L 2.8463937 1.1062992 2.8543937 1.1062992 0 P 0
L 2.8503307 0.4055118 2.8583307 0.4055118 0 P 0
L 2.8503937 1.1022992 2.8503937 1.1102992 0 P 0
L 2.8543307 0.4015118 2.8543307 0.4095118 0 P 0
L 2.8568425 3.787063 2.8648425 3.787063 0 P 0
L 2.8582047 0.7952756 2.8662047 0.7952756 0 P 0
L 2.8608425 3.783063 2.8608425 3.791063 0 P 0
L 2.8622047 0.7912756 2.8622047 0.7992756 0 P 0
L 2.8700157 2.2906488 2.8780157 2.2906488 0 P 0
L 2.8740157 2.2866488 2.8740157 2.2946488 0 P 0
L 2.8742843 0.2495967 2.8822843 0.2495967 0 P 0
L 2.8778425 2.566063 2.8858425 2.566063 0 P 0
L 2.8782843 0.2455967 2.8782843 0.2535967 0 P 0
L 2.8818425 2.562063 2.8818425 2.570063 0 P 0
L 2.8848425 4.221063 2.8928425 4.221063 0 P 0
L 2.8888425 4.217063 2.8888425 4.225063 0 P 0
L 2.8897008 0.7952756 2.8977008 0.7952756 0 P 0
L 2.8908425 1.561063 2.8988425 1.561063 0 P 0
L 2.8908425 2.431063 2.8988425 2.431063 0 P 0
L 2.8937008 0.7912756 2.8937008 0.7992756 0 P 0
L 2.8948425 1.557063 2.8948425 1.565063 0 P 0
L 2.8948425 2.427063 2.8948425 2.435063 0 P 0
L 2.8975749 1.1062992 2.9055749 1.1062992 0 P 0
L 2.9014946 0.2795104 2.9094946 0.2795104 0 P 0
L 2.9015118 0.9370079 2.9095118 0.9370079 0 P 0
L 2.9015749 1.1022992 2.9015749 1.1102992 0 P 0
L 2.9054946 0.2755104 2.9054946 0.2835104 0 P 0
L 2.9055118 0.9330079 2.9055118 0.9410079 0 P 0
L 2.9158425 1.536063 2.9238425 1.536063 0 P 0
L 2.9168425 2.428063 2.9248425 2.428063 0 P 0
L 2.9198425 1.532063 2.9198425 1.540063 0 P 0
L 2.9208425 2.424063 2.9208425 2.432063 0 P 0
L 2.9330079 0.2795276 2.9410079 0.2795276 0 P 0
L 2.9370079 0.2755276 2.9370079 0.2835276 0 P 0
L 2.9388425 2.286063 2.9468425 2.286063 0 P 0
L 2.9428425 2.282063 2.9428425 2.290063 0 P 0
L 2.9442812 2.4564631 2.9522812 2.4564631 0 P 0
L 2.9482812 2.4524631 2.9482812 2.4604631 0 P 0
L 2.9534751 0.2519685 2.9614751 0.2519685 0 P 0
L 2.9548425 2.621063 2.9628425 2.621063 0 P 0
L 2.9574751 0.2479685 2.9574751 0.2559685 0 P 0
L 2.9588425 2.617063 2.9588425 2.625063 0 P 0
L 2.9618504 4.0861024 3.0278346 4.0861024 0 P 0
L 2.976457 0.4091539 2.984457 0.4091539 0 P 0
L 2.9793149 2.4376128 3.0009749 2.4376128 0 P 0
L 2.9793249 0.9576728 3.0009849 0.9576728 0 P 0
L 2.980457 0.4051539 2.980457 0.4131539 0 P 0
L 2.9818425 2.287063 2.9898425 2.287063 0 P 0
L 2.9858425 2.283063 2.9858425 2.291063 0 P 0
L 2.9893858 3.751063 2.9973858 3.751063 0 P 0
L 2.9901449 2.4267828 2.9901449 2.4484428 0 P 0
L 2.9901549 0.9468428 2.9901549 0.9685028 0 P 0
L 2.9933858 3.747063 2.9933858 3.755063 0 P 0
L 2.9948425 4.0531103 2.9948425 4.1190945 0 P 0
L 3.0108425 3.831063 3.0188425 3.831063 0 P 0
L 3.0148425 3.827063 3.0148425 3.835063 0 P 0
L 3.015685 0.4055118 3.023685 0.4055118 0 P 0
L 3.019685 0.4015118 3.019685 0.4095118 0 P 0
L 3.0471811 2.7322835 3.0551811 2.7322835 0 P 0
L 3.0511811 2.7282835 3.0511811 2.7362835 0 P 0
L 3.0528817 1.811803 3.0608817 1.811803 0 P 0
L 3.0568817 1.807803 3.0568817 1.815803 0 P 0
L 3.0668661 3.3937008 3.0748661 3.3937008 0 P 0
L 3.0708661 3.3897008 3.0708661 3.3977008 0 P 0
L 3.0934409 0.2519685 3.1014409 0.2519685 0 P 0
L 3.0974409 0.2479685 3.0974409 0.2559685 0 P 0
L 3.1790708 3.1358268 3.1870708 3.1358268 0 P 0
L 3.1830708 3.1318268 3.1830708 3.1398268 0 P 0
L 3.1849764 3.1870079 3.1929764 3.1870079 0 P 0
L 3.1889764 3.1830079 3.1889764 3.1910079 0 P 0
L 3.1932633 1.714063 3.2012633 1.714063 0 P 0
L 3.1938425 2.970063 3.2018425 2.970063 0 P 0
L 3.1972633 1.710063 3.1972633 1.718063 0 P 0
L 3.1978425 2.966063 3.1978425 2.974063 0 P 0
L 3.2158425 3.806063 3.2238425 3.806063 0 P 0
L 3.2198425 3.802063 3.2198425 3.810063 0 P 0
L 3.2208425 1.6613472 3.2288425 1.6613472 0 P 0
L 3.2248425 1.6573472 3.2248425 1.6653472 0 P 0
L 3.2268425 3.235063 3.2348425 3.235063 0 P 0
L 3.2308425 3.231063 3.2308425 3.239063 0 P 0
L 3.2358425 3.596063 3.2438425 3.596063 0 P 0
L 3.2398425 3.592063 3.2398425 3.600063 0 P 0
L 3.2488425 1.661063 3.2568425 1.661063 0 P 0
L 3.2528425 1.657063 3.2528425 1.665063 0 P 0
L 3.2596972 3.3039177 3.2676972 3.3039177 0 P 0
L 3.2618504 4.0861024 3.3278346 4.0861024 0 P 0
L 3.2636972 3.2999177 3.2636972 3.3079177 0 P 0
L 3.2658425 3.788063 3.2738425 3.788063 0 P 0
L 3.2698425 3.784063 3.2698425 3.792063 0 P 0
L 3.2715905 3.1417323 3.2795905 3.1417323 0 P 0
L 3.273559 2.9635827 3.281559 2.9635827 0 P 0
L 3.2755905 3.1377323 3.2755905 3.1457323 0 P 0
L 3.277559 2.9595827 3.277559 2.9675827 0 P 0
L 3.2948425 1.971063 3.3028425 1.971063 0 P 0
L 3.2948425 4.0531103 3.2948425 4.1190945 0 P 0
L 3.2988425 1.967063 3.2988425 1.975063 0 P 0
L 3.2988425 3.344063 3.3068425 3.344063 0 P 0
L 3.3028425 3.340063 3.3028425 3.348063 0 P 0
L 3.3251721 1.826063 3.3331721 1.826063 0 P 0
L 3.3268425 3.301063 3.3348425 3.301063 0 P 0
L 3.3291721 1.822063 3.3291721 1.830063 0 P 0
L 3.3308425 3.297063 3.3308425 3.305063 0 P 0
L 3.3388425 2.263063 3.3468425 2.263063 0 P 0
L 3.3408425 2.996063 3.3488425 2.996063 0 P 0
L 3.3428425 2.259063 3.3428425 2.267063 0 P 0
L 3.3448425 2.992063 3.3448425 3.000063 0 P 0
L 3.3548425 3.448063 3.3628425 3.448063 0 P 0
L 3.3588425 3.444063 3.3588425 3.452063 0 P 0
L 3.3648425 3.050063 3.3728425 3.050063 0 P 0
L 3.3688425 3.046063 3.3688425 3.054063 0 P 0
L 3.3708425 3.273063 3.3788425 3.273063 0 P 0
L 3.3748425 3.269063 3.3748425 3.277063 0 P 0
L 3.3758425 1.336063 3.3838425 1.336063 0 P 0
L 3.3758425 1.386063 3.3838425 1.386063 0 P 0
L 3.3798425 1.332063 3.3798425 1.340063 0 P 0
L 3.3798425 1.382063 3.3798425 1.390063 0 P 0
L 3.3888425 1.871063 3.3968425 1.871063 0 P 0
L 3.3908425 3.447063 3.3988425 3.447063 0 P 0
L 3.3918425 4.222063 3.3998425 4.222063 0 P 0
L 3.3928425 1.867063 3.3928425 1.875063 0 P 0
L 3.3948425 3.443063 3.3948425 3.451063 0 P 0
L 3.3958425 4.218063 3.3958425 4.226063 0 P 0
L 3.4008425 1.363323 3.4088425 1.363323 0 P 0
L 3.4028425 1.461063 3.4108425 1.461063 0 P 0
L 3.4032822 1.411323 3.4112822 1.411323 0 P 0
L 3.4048425 1.359323 3.4048425 1.367323 0 P 0
L 3.4068425 1.457063 3.4068425 1.465063 0 P 0
L 3.4068425 1.7136509 3.4148425 1.7136509 0 P 0
L 3.4072822 1.407323 3.4072822 1.415323 0 P 0
L 3.4098425 1.573063 3.4178425 1.573063 0 P 0
L 3.4104661 1.805063 3.4184661 1.805063 0 P 0
L 3.4108425 1.7096509 3.4108425 1.7176509 0 P 0
L 3.4108425 2.7362205 3.4188425 2.7362205 0 P 0
L 3.4108425 2.892 3.4188425 2.892 0 P 0
L 3.4138425 1.569063 3.4138425 1.577063 0 P 0
L 3.4144661 1.801063 3.4144661 1.809063 0 P 0
L 3.4148425 2.7322205 3.4148425 2.7402205 0 P 0
L 3.4148425 2.888 3.4148425 2.896 0 P 0
L 3.4208425 3.636063 3.4288425 3.636063 0 P 0
L 3.4248425 3.632063 3.4248425 3.640063 0 P 0
L 3.4330079 3.476378 3.4410079 3.476378 0 P 0
L 3.4352507 1.870938 3.4432507 1.870938 0 P 0
L 3.4370079 3.472378 3.4370079 3.480378 0 P 0
L 3.4392507 1.866938 3.4392507 1.874938 0 P 0
L 3.4658425 3.456063 3.4738425 3.456063 0 P 0
L 3.4698425 3.452063 3.4698425 3.460063 0 P 0
L 3.4878425 3.103063 3.4958425 3.103063 0 P 0
L 3.4878425 3.297063 3.4958425 3.297063 0 P 0
L 3.4918425 3.099063 3.4918425 3.107063 0 P 0
L 3.4918425 3.293063 3.4918425 3.301063 0 P 0
L 3.4948425 2.341063 3.5028425 2.341063 0 P 0
L 3.4988425 2.337063 3.4988425 2.345063 0 P 0
L 3.5008425 4.086063 3.5088425 4.086063 0 P 0
L 3.5048425 4.082063 3.5048425 4.090063 0 P 0
L 3.5278425 3.660063 3.5358425 3.660063 0 P 0
L 3.5318425 3.656063 3.5318425 3.664063 0 P 0
L 3.5358425 3.806063 3.5438425 3.806063 0 P 0
L 3.538865 3.3185827 3.546865 3.3185827 0 P 0
L 3.5398425 3.802063 3.5398425 3.810063 0 P 0
L 3.542865 3.3145827 3.542865 3.3225827 0 P 0
L 3.5458425 1.413063 3.5538425 1.413063 0 P 0
L 3.5458425 1.441063 3.5538425 1.441063 0 P 0
L 3.5498425 1.409063 3.5498425 1.417063 0 P 0
L 3.5498425 1.437063 3.5498425 1.445063 0 P 0
L 3.5508425 1.841063 3.5588425 1.841063 0 P 0
L 3.5508425 1.891063 3.5588425 1.891063 0 P 0
L 3.5508425 1.941063 3.5588425 1.941063 0 P 0
L 3.5508425 1.991063 3.5588425 1.991063 0 P 0
L 3.5548425 1.837063 3.5548425 1.845063 0 P 0
L 3.5548425 1.887063 3.5548425 1.895063 0 P 0
L 3.5548425 1.937063 3.5548425 1.945063 0 P 0
L 3.5548425 1.987063 3.5548425 1.995063 0 P 0
L 3.5584999 0.9153728 3.6766099 0.9153728 0 P 0
L 3.5584999 2.4853728 3.6766099 2.4853728 0 P 0
L 3.5605249 1.3088728 3.5821849 1.3088728 0 P 0
L 3.5605249 2.0962728 3.5821849 2.0962728 0 P 0
L 3.5678425 2.033063 3.5758425 2.033063 0 P 0
L 3.5678425 2.058063 3.5758425 2.058063 0 P 0
L 3.5713549 1.2980428 3.5713549 1.3197028 0 P 0
L 3.5713549 2.0854428 3.5713549 2.1071028 0 P 0
L 3.5718425 2.029063 3.5718425 2.037063 0 P 0
L 3.5718425 2.054063 3.5718425 2.062063 0 P 0
L 3.5858425 1.711063 3.5938425 1.711063 0 P 0
L 3.5868425 1.662063 3.5948425 1.662063 0 P 0
L 3.5898425 1.707063 3.5898425 1.715063 0 P 0
L 3.5908425 1.514063 3.5988425 1.514063 0 P 0
L 3.5908425 1.658063 3.5908425 1.666063 0 P 0
L 3.5948425 1.510063 3.5948425 1.518063 0 P 0
L 3.5983622 0.6417323 3.6063622 0.6417323 0 P 0
L 3.5998425 0.682063 3.6078425 0.682063 0 P 0
L 3.6023622 0.6377323 3.6023622 0.6457323 0 P 0
L 3.6038425 0.678063 3.6038425 0.686063 0 P 0
L 3.6175549 0.8563178 3.6175549 0.9744278 0 P 0
L 3.6175549 2.4263178 3.6175549 2.5444278 0 P 0
L 3.6188425 3.486063 3.6268425 3.486063 0 P 0
L 3.6198425 2.587063 3.6278425 2.587063 0 P 0
L 3.6228425 3.482063 3.6228425 3.490063 0 P 0
L 3.6238425 2.583063 3.6238425 2.591063 0 P 0
L 3.6537953 3.2964288 3.6617953 3.2964288 0 P 0
L 3.6577953 3.2924288 3.6577953 3.3004288 0 P 0
L 3.6958425 3.751063 3.7038425 3.751063 0 P 0
L 3.6958425 3.836063 3.7038425 3.836063 0 P 0
L 3.6998425 3.747063 3.6998425 3.755063 0 P 0
L 3.6998425 3.832063 3.6998425 3.840063 0 P 0
L 3.7085984 1.6732283 3.7165984 1.6732283 0 P 0
L 3.7125984 1.6692283 3.7125984 1.6772283 0 P 0
L 3.7138425 3.072063 3.7218425 3.072063 0 P 0
L 3.7148425 1.7132283 3.7228425 1.7132283 0 P 0
L 3.7158425 1.766063 3.7238425 1.766063 0 P 0
L 3.7158425 1.921063 3.7238425 1.921063 0 P 0
L 3.7158425 1.996063 3.7238425 1.996063 0 P 0
L 3.7178425 3.068063 3.7178425 3.076063 0 P 0
L 3.7188425 1.7092283 3.7188425 1.7172283 0 P 0
L 3.7198425 1.762063 3.7198425 1.770063 0 P 0
L 3.7198425 1.917063 3.7198425 1.925063 0 P 0
L 3.7198425 1.992063 3.7198425 2.000063 0 P 0
L 3.7288425 1.418063 3.7368425 1.418063 0 P 0
L 3.7328425 1.414063 3.7328425 1.422063 0 P 0
L 3.7408425 3.261063 3.7488425 3.261063 0 P 0
L 3.7408425 3.342063 3.7488425 3.342063 0 P 0
L 3.7436378 1.6799835 3.7516378 1.6799835 0 P 0
L 3.7448425 3.257063 3.7448425 3.265063 0 P 0
L 3.7448425 3.338063 3.7448425 3.346063 0 P 0
L 3.7476378 1.6759835 3.7476378 1.6839835 0 P 0
L 3.767126 4.126063 3.802559 4.126063 0 P 0
L 3.7698632 1.6661021 3.7778632 1.6661021 0 P 0
L 3.7738425 4.023063 3.7818425 4.023063 0 P 0
L 3.7738632 1.6621021 3.7738632 1.6701021 0 P 0
L 3.7778425 4.019063 3.7778425 4.027063 0 P 0
L 3.7848425 4.1083465 3.7848425 4.1437795 0 P 0
L 3.7958425 3.201063 3.8038425 3.201063 0 P 0
L 3.7998425 1.691063 3.8078425 1.691063 0 P 0
L 3.7998425 3.197063 3.7998425 3.205063 0 P 0
L 3.8008425 1.840063 3.8088425 1.840063 0 P 0
L 3.8028425 3.235063 3.8108425 3.235063 0 P 0
L 3.8038425 1.687063 3.8038425 1.695063 0 P 0
L 3.8048425 1.836063 3.8048425 1.844063 0 P 0
L 3.8068425 3.231063 3.8068425 3.239063 0 P 0
L 3.8258425 3.176063 3.8338425 3.176063 0 P 0
L 3.8258425 3.806063 3.8338425 3.806063 0 P 0
L 3.8268425 3.762063 3.8348425 3.762063 0 P 0
L 3.8298425 3.172063 3.8298425 3.180063 0 P 0
L 3.8298425 3.802063 3.8298425 3.810063 0 P 0
L 3.8308425 1.481063 3.8388425 1.481063 0 P 0
L 3.8308425 3.758063 3.8308425 3.766063 0 P 0
L 3.8348425 1.477063 3.8348425 1.485063 0 P 0
L 3.8508425 3.151063 3.8588425 3.151063 0 P 0
L 3.8548425 3.147063 3.8548425 3.155063 0 P 0
L 3.8608425 1.511063 3.8688425 1.511063 0 P 0
L 3.8648425 1.507063 3.8648425 1.515063 0 P 0
L 3.8739528 3.0787402 3.8819528 3.0787402 0 P 0
L 3.8779528 3.0747402 3.8779528 3.0827402 0 P 0
L 3.8908425 1.566063 3.8988425 1.566063 0 P 0
L 3.8948425 1.562063 3.8948425 1.570063 0 P 0
L 3.9208425 1.536063 3.9288425 1.536063 0 P 0
L 3.9248425 1.532063 3.9248425 1.540063 0 P 0
L 3.9358425 3.121063 3.9438425 3.121063 0 P 0
L 3.9398425 3.117063 3.9398425 3.125063 0 P 0
L 3.9403544 4.126063 3.9757874 4.126063 0 P 0
L 3.9408425 1.816063 3.9488425 1.816063 0 P 0
L 3.9448425 1.812063 3.9448425 1.820063 0 P 0
L 3.9547272 0.8906186 4.0047272 0.8906186 0 P 0
L 3.9547272 2.4890438 4.0047272 2.4890438 0 P 0
L 3.9568425 2.724063 3.9648425 2.724063 0 P 0
L 3.9580709 4.1083465 3.9580709 4.1437795 0 P 0
L 3.9608425 2.720063 3.9608425 2.728063 0 P 0
L 3.9648425 1.671063 3.9728425 1.671063 0 P 0
L 3.9658425 1.552063 3.9738425 1.552063 0 P 0
L 3.9688425 1.667063 3.9688425 1.675063 0 P 0
L 3.9698425 1.548063 3.9698425 1.556063 0 P 0
L 3.9797272 0.8656186 3.9797272 0.9156186 0 P 0
L 3.9797272 2.4640438 3.9797272 2.5140438 0 P 0
L 3.9908425 1.551063 3.9988425 1.551063 0 P 0
L 3.9928425 1.711063 4.0008425 1.711063 0 P 0
L 3.9948425 1.547063 3.9948425 1.555063 0 P 0
L 3.9968425 1.707063 3.9968425 1.715063 0 P 0
L 4.0308425 1.546063 4.0388425 1.546063 0 P 0
L 4.0348425 1.542063 4.0348425 1.550063 0 P 0
L 4.0358425 2.406063 4.0438425 2.406063 0 P 0
L 4.0358425 3.784063 4.0438425 3.784063 0 P 0
L 4.0374044 2.595343 4.0874044 2.595343 0 P 0
L 4.0398425 2.402063 4.0398425 2.410063 0 P 0
L 4.0398425 3.780063 4.0398425 3.788063 0 P 0
L 4.0497795 3.641441 4.0577795 3.641441 0 P 0
L 4.0537795 3.637441 4.0537795 3.645441 0 P 0
L 4.0608425 1.511063 4.0688425 1.511063 0 P 0
L 4.0608425 1.796063 4.0688425 1.796063 0 P 0
L 4.0608425 2.722063 4.0688425 2.722063 0 P 0
L 4.0624044 2.570343 4.0624044 2.620343 0 P 0
L 4.0648425 1.507063 4.0648425 1.515063 0 P 0
L 4.0648425 1.792063 4.0648425 1.800063 0 P 0
L 4.0648425 2.718063 4.0648425 2.726063 0 P 0
L 4.0648425 3.135063 4.0728425 3.135063 0 P 0
L 4.0688425 3.131063 4.0688425 3.139063 0 P 0
L 4.0818425 3.892063 4.0898425 3.892063 0 P 0
L 4.0858425 3.888063 4.0858425 3.896063 0 P 0
L 4.1108425 3.135063 4.1188425 3.135063 0 P 0
L 4.1127486 3.5977887 4.1207486 3.5977887 0 P 0
L 4.1148425 3.131063 4.1148425 3.139063 0 P 0
L 4.1167486 3.5937887 4.1167486 3.6017887 0 P 0
L 4.1278425 1.686063 4.1358425 1.686063 0 P 0
L 4.1308425 1.651063 4.1388425 1.651063 0 P 0
L 4.1308425 1.751063 4.1388425 1.751063 0 P 0
L 4.1318425 1.682063 4.1318425 1.690063 0 P 0
L 4.1348425 1.647063 4.1348425 1.655063 0 P 0
L 4.1348425 1.747063 4.1348425 1.755063 0 P 0
L 4.1473063 1.6236232 4.1553063 1.6236232 0 P 0
L 4.1488425 3.135063 4.1568425 3.135063 0 P 0
L 4.1513063 1.6196232 4.1513063 1.6276232 0 P 0
L 4.1528425 3.131063 4.1528425 3.139063 0 P 0
L 4.1555146 2.595343 4.2055146 2.595343 0 P 0
L 4.1758425 1.601063 4.1838425 1.601063 0 P 0
L 4.1798425 1.597063 4.1798425 1.605063 0 P 0
L 4.1805146 2.570343 4.1805146 2.620343 0 P 0
L 4.1908425 3.884063 4.1988425 3.884063 0 P 0
L 4.1948425 3.880063 4.1948425 3.888063 0 P 0
L 4.2048425 3.135063 4.2128425 3.135063 0 P 0
L 4.2088425 3.131063 4.2088425 3.139063 0 P 0
L 4.2308425 2.725063 4.2388425 2.725063 0 P 0
L 4.2348425 2.721063 4.2348425 2.729063 0 P 0
L 4.2508425 3.776063 4.2588425 3.776063 0 P 0
L 4.2548425 3.772063 4.2548425 3.780063 0 P 0
L 4.2688425 3.135063 4.2768425 3.135063 0 P 0
L 4.2728425 3.131063 4.2728425 3.139063 0 P 0
L 4.2736248 2.595343 4.3236248 2.595343 0 P 0
L 4.2986248 2.570343 4.2986248 2.620343 0 P 0
L 4.3070866 1.0074803 4.3484252 1.0074803 0 P 0
L 4.3070866 2.3074803 4.3484252 2.3074803 0 P 0
L 4.3148976 3.507874 4.3228976 3.507874 0 P 0
L 4.3188976 3.503874 4.3188976 3.511874 0 P 0
L 4.3277559 0.986811 4.3277559 1.0281496 0 P 0
L 4.3277559 2.286811 4.3277559 2.3281496 0 P 0
L 4.3298425 3.135063 4.3378425 3.135063 0 P 0
L 4.3338425 3.131063 4.3338425 3.139063 0 P 0
L 4.3358425 2.725063 4.3438425 2.725063 0 P 0
L 4.3398425 2.721063 4.3398425 2.729063 0 P 0
L 4.3818268 3.6614173 4.3898268 3.6614173 0 P 0
L 4.3838425 4.206063 4.3918425 4.206063 0 P 0
L 4.3858268 3.6574173 4.3858268 3.6654173 0 P 0
L 4.3878425 4.202063 4.3878425 4.210063 0 P 0
L 4.3897008 3.976378 4.3977008 3.976378 0 P 0
L 4.3937008 3.972378 4.3937008 3.980378 0 P 0
L 4.4278425 3.135063 4.4358425 3.135063 0 P 0
L 4.4318425 3.131063 4.4318425 3.139063 0 P 0
L 4.4330079 3.6614173 4.4410079 3.6614173 0 P 0
L 4.4349764 3.354527 4.4429764 3.354527 0 P 0
L 4.4370079 3.6574173 4.4370079 3.6654173 0 P 0
L 4.4389764 3.350527 4.4389764 3.358527 0 P 0
L 4.4738425 3.135063 4.4818425 3.135063 0 P 0
L 4.4778425 3.131063 4.4778425 3.139063 0 P 0
L 4.4996614 2.7898819 4.5076614 2.7898819 0 P 0
L 4.5036614 2.7858819 4.5036614 2.7938819 0 P 0
L 4.519622 3.7362205 4.527622 3.7362205 0 P 0
L 4.523622 3.7322205 4.523622 3.7402205 0 P 0
L 4.7070866 2.3074803 4.7484252 2.3074803 0 P 0
L 4.7277559 2.286811 4.7277559 2.3281496 0 P 0
L 4.7507119 4.1159324 4.7587119 4.1159324 0 P 0
L 4.7547119 4.1119324 4.7547119 4.1199324 0 P 0
L 4.7902913 2.8080709 4.7982913 2.8080709 0 P 0
L 4.7942913 2.8040709 4.7942913 2.8120709 0 P 0
L 4.9068425 4.203063 4.9148425 4.203063 0 P 0
L 4.9070866 1.0074803 4.9484252 1.0074803 0 P 0
L 4.9070866 2.3074803 4.9484252 2.3074803 0 P 0
L 4.9108425 4.199063 4.9108425 4.207063 0 P 0
L 4.9277559 0.986811 4.9277559 1.0281496 0 P 0
L 4.9277559 2.286811 4.9277559 2.3281496 0 P 0
L 5.1070866 1.0074803 5.1484252 1.0074803 0 P 0
L 5.1070866 2.3074803 5.1484252 2.3074803 0 P 0
L 5.1277559 0.986811 5.1277559 1.0281496 0 P 0
L 5.1277559 2.286811 5.1277559 2.3281496 0 P 0
L 5.2164724 4.0866142 5.2244724 4.0866142 0 P 0
L 5.2204724 4.0826142 5.2204724 4.0906142 0 P 0
L 5.2708425 3.511063 5.2788425 3.511063 0 P 0
L 5.2748425 3.507063 5.2748425 3.515063 0 P 0
L 5.3070866 1.0074803 5.3484252 1.0074803 0 P 0
L 5.3070866 2.3074803 5.3484252 2.3074803 0 P 0
L 5.3277559 0.986811 5.3277559 1.0281496 0 P 0
L 5.3277559 2.286811 5.3277559 2.3281496 0 P 0
L 5.5531524 0.8906186 5.6031524 0.8906186 0 P 0
L 5.5531524 1.6898312 5.6031524 1.6898312 0 P 0
L 5.5531524 2.4890438 5.6031524 2.4890438 0 P 0
L 5.5738425 2.214063 5.5818425 2.214063 0 P 0
L 5.5778425 2.210063 5.5778425 2.218063 0 P 0
L 5.5781524 0.8656186 5.5781524 0.9156186 0 P 0
L 5.5781524 1.6648312 5.5781524 1.7148312 0 P 0
L 5.5781524 2.4640438 5.5781524 2.5140438 0 P 0
L 5.6308425 2.236063 5.6388425 2.236063 0 P 0
L 5.6348425 2.232063 5.6348425 2.240063 0 P 0
L 5.6728425 3.546063 5.6808425 3.546063 0 P 0
L 5.6768425 3.542063 5.6768425 3.550063 0 P 0
L 5.6909449 3.8444882 5.7559055 3.8444882 0 P 0
L 5.6909449 4.0255906 5.7559055 4.0255906 0 P 0
L 5.7234252 3.8120079 5.7234252 3.8769685 0 P 0
L 5.7234252 3.9931103 5.7234252 4.0580709 0 P 0
L 5.7298425 3.556063 5.7378425 3.556063 0 P 0
L 5.7338425 3.552063 5.7338425 3.560063 0 P 0
L 5.9151181 3.9379527 5.9544881 3.9379527 0 P 0
L 5.9348031 3.9182677 5.9348031 3.9576377 0 P 0
L 5.9565669 3.5551181 5.9725669 3.5551181 0 P 0
L 5.9645669 3.5471181 5.9645669 3.5631181 0 P 0
L 5.999937 2.4302047 6.007937 2.4302047 0 P 0
L 6.003937 2.4262047 6.003937 2.4342047 0 P 0
L 6.0448425 2.171063 6.0528425 2.171063 0 P 0
L 6.0488425 2.167063 6.0488425 2.175063 0 P 0
L 6.1001575 3.8198425 6.1395275 3.8198425 0 P 0
L 6.1001575 4.056063 6.1395275 4.056063 0 P 0
L 6.1198425 3.8001575 6.1198425 3.8395275 0 P 0
L 6.1198425 4.036378 6.1198425 4.075748 0 P 0
L 6.1888504 2.484252 6.2048504 2.484252 0 P 0
L 6.1968504 2.476252 6.1968504 2.492252 0 P 0
L 6.2588525 3.220063 6.2668525 3.220063 0 P 0
L 6.2628525 3.216063 6.2628525 3.224063 0 P 0
L 6.2706064 2.9498032 6.2786064 2.9498032 0 P 0
L 6.2708425 2.391063 6.2788425 2.391063 0 P 0
L 6.2746064 2.9458032 6.2746064 2.9538032 0 P 0
L 6.2748425 2.387063 6.2748425 2.395063 0 P 0
L 6.2838525 3.195063 6.2918525 3.195063 0 P 0
L 6.2878525 3.191063 6.2878525 3.199063 0 P 0
L 6.2908425 3.701063 6.2988425 3.701063 0 P 0
L 6.2948425 3.697063 6.2948425 3.705063 0 P 0
L 6.3008425 3.121063 6.3088425 3.121063 0 P 0
L 6.3048425 3.117063 6.3048425 3.125063 0 P 0
L 6.3308425 3.266063 6.3388425 3.266063 0 P 0
L 6.3318475 3.147068 6.3398475 3.147068 0 P 0
L 6.3348425 3.262063 6.3348425 3.270063 0 P 0
L 6.3358475 3.143068 6.3358475 3.151068 0 P 0
L 6.3507483 3.3311384 6.3587483 3.3311384 0 P 0
L 6.3547483 3.3271384 6.3547483 3.3351384 0 P 0
L 6.3582047 2.9527559 6.3662047 2.9527559 0 P 0
L 6.3622047 2.9487559 6.3622047 2.9567559 0 P 0
L 6.3918425 2.111063 6.3998425 2.111063 0 P 0
L 6.3958425 2.107063 6.3958425 2.115063 0 P 0
L 6.4058425 3.371063 6.4138425 3.371063 0 P 0
L 6.4098425 3.367063 6.4098425 3.375063 0 P 0
L 6.4208425 2.181063 6.4288425 2.181063 0 P 0
L 6.4248425 2.177063 6.4248425 2.185063 0 P 0
L 6.4358425 3.191063 6.4438425 3.191063 0 P 0
L 6.4398425 3.187063 6.4398425 3.195063 0 P 0
L 6.4408425 3.291063 6.4488425 3.291063 0 P 0
L 6.4435772 3.396063 6.4515772 3.396063 0 P 0
L 6.4448425 3.287063 6.4448425 3.295063 0 P 0
L 6.4468425 2.4626299 6.4548425 2.4626299 0 P 0
L 6.4468425 2.5354331 6.4548425 2.5354331 0 P 0
L 6.4468425 2.7401575 6.4548425 2.7401575 0 P 0
L 6.4475772 3.392063 6.4475772 3.400063 0 P 0
L 6.4478221 2.6732283 6.4558221 2.6732283 0 P 0
L 6.4487559 2.6062992 6.4567559 2.6062992 0 P 0
L 6.4508425 2.4586299 6.4508425 2.4666299 0 P 0
L 6.4508425 2.5314331 6.4508425 2.5394331 0 P 0
L 6.4508425 2.7361575 6.4508425 2.7441575 0 P 0
L 6.4518221 2.6692283 6.4518221 2.6772283 0 P 0
L 6.4527559 2.6022992 6.4527559 2.6102992 0 P 0
L 6.4528425 3.009063 6.4608425 3.009063 0 P 0
L 6.4568425 3.005063 6.4568425 3.013063 0 P 0
L 6.4728425 3.231063 6.4808425 3.231063 0 P 0
L 6.4758425 3.426063 6.4838425 3.426063 0 P 0
L 6.4768425 3.227063 6.4768425 3.235063 0 P 0
L 6.4798425 3.422063 6.4798425 3.430063 0 P 0
L 6.5058425 3.456063 6.5138425 3.456063 0 P 0
L 6.5098425 3.452063 6.5098425 3.460063 0 P 0
L 6.5104331 4.0934646 6.6285433 4.0934646 0 P 0
L 6.5340552 3.5895276 6.6049212 3.5895276 0 P 0
L 6.5340552 3.806063 6.6049212 3.806063 0 P 0
L 6.5694882 3.5540946 6.5694882 3.6249606 0 P 0
L 6.5694882 3.77063 6.5694882 3.841496 0 P 0
L 6.5694882 4.0344095 6.5694882 4.1525197 0 P 0
L 6.5837984 1.5293111 6.5917984 1.5293111 0 P 0
L 6.5877984 1.5253111 6.5877984 1.5333111 0 P 0
L 6.5904882 1.6102362 6.5984882 1.6102362 0 P 0
L 6.5904882 1.6732283 6.5984882 1.6732283 0 P 0
L 6.5904882 1.7204724 6.5984882 1.7204724 0 P 0
L 6.5904882 1.7755906 6.5984882 1.7755906 0 P 0
L 6.5944882 1.6062362 6.5944882 1.6142362 0 P 0
L 6.5944882 1.6692283 6.5944882 1.6772283 0 P 0
L 6.5944882 1.7164724 6.5944882 1.7244724 0 P 0
L 6.5944882 1.7715906 6.5944882 1.7795906 0 P 0
L 6.6038425 2.176063 6.6118425 2.176063 0 P 0
L 6.6078425 2.172063 6.6078425 2.180063 0 P 0
L 6.6248425 1.372063 6.6328425 1.372063 0 P 0
L 6.6288425 1.368063 6.6288425 1.376063 0 P 0
L 6.6436378 3.1299213 6.6516378 3.1299213 0 P 0
L 6.6448425 3.341063 6.6528425 3.341063 0 P 0
L 6.6456063 3.003937 6.6536063 3.003937 0 P 0
L 6.6476378 3.1259213 6.6476378 3.1339213 0 P 0
L 6.6488425 3.337063 6.6488425 3.345063 0 P 0
L 6.6496063 2.999937 6.6496063 3.007937 0 P 0
L 6.6907795 1.8308976 6.6987795 1.8308976 0 P 0
L 6.6947795 1.8268976 6.6947795 1.8348976 0 P 0
L 6.6958425 1.881063 6.7038425 1.881063 0 P 0
L 6.6994095 3.5895276 6.7702755 3.5895276 0 P 0
L 6.6994095 3.806063 6.7702755 3.806063 0 P 0
L 6.6998425 1.877063 6.6998425 1.885063 0 P 0
L 6.7348425 3.5540946 6.7348425 3.6249606 0 P 0
L 6.7348425 3.77063 6.7348425 3.841496 0 P 0
L 6.8305827 1.6496063 6.8465827 1.6496063 0 P 0
L 6.8385827 1.6416063 6.8385827 1.6576063 0 P 0
L 6.8411418 4.0934646 6.959252 4.0934646 0 P 0
L 6.8647639 3.5895276 6.9356299 3.5895276 0 P 0
L 6.8647639 3.806063 6.9356299 3.806063 0 P 0
L 6.9001969 3.5540946 6.9001969 3.6249606 0 P 0
L 6.9001969 3.77063 6.9001969 3.841496 0 P 0
L 6.9001969 4.0344095 6.9001969 4.1525197 0 P 0
L 6.9458425 2.095063 6.9538425 2.095063 0 P 0
L 6.9498425 2.091063 6.9498425 2.099063 0 P 0
L 6.9748425 1.8307087 6.9828425 1.8307087 0 P 0
L 6.9788425 1.8267087 6.9788425 1.8347087 0 P 0
